$ 1 0.000015625 10.20027730826997 50 5 43 5e-11
409 96 176 176 176 1 0.6 0 0.0231 0
409 272 208 192 208 1 0.6 0 0.0231 0
w 176 176 176 128 0
w 176 128 96 128 0
w 192 208 192 160 0
w 192 160 272 160 0
w 256 128 272 128 0
w 96 224 112 224 0
w 256 240 240 240 0
w 112 144 128 144 0
w 240 176 112 176 0
w 112 176 112 224 0
w 112 176 112 144 0
w 128 208 256 208 0
w 256 208 256 240 0
w 256 208 256 128 0
207 272 128 320 128 4 VCC
207 272 160 320 160 4 OUT2
207 272 192 320 192 4 IN2–
207 272 224 320 224 4 IN2\p
207 96 128 48 128 4 OUT1
207 96 160 48 160 4 IN1–
207 96 192 48 192 4 IN1\p
207 96 224 48 224 4 VEE
