$ 1 0.000015625 382.76258214399064 31 1 43 5e-11
g 176 288 176 304 0 0
c 112 208 208 208 0 0.00021999999999999998 0.9273734192848946 0.001
w 176 288 112 288 0
w 288 112 208 112 0
c 64 224 16 224 0 0.00009999999999999999 0.613031661352121 0
g 400 208 384 224 0 0
w 400 208 400 304 0
w 400 112 400 208 0
r 368 304 400 304 0 4700
r 368 112 400 112 0 100000
v 368 304 368 112 0 0 40 4 0 0 0.5
w 16 288 64 288 0
w 16 272 16 288 0
r 16 272 16 224 0 16000
w 64 288 112 288 0
r 64 224 64 288 0 200000
r 64 224 64 112 0 333000
t 64 224 112 224 0 1 -0.8230339096590004 0.5695032807595547 400 default
t 208 160 288 160 0 1 -1.4742262309885574 0.1868717800647791 220 default
t 208 256 288 256 0 -1 2.1521565436877768 -0.1867454452588871 220 default
w 288 176 288 208 0
w 288 208 288 240 0
c 304 208 336 208 0 0.001 2.348121697082206e-13 0.001
r 208 256 208 304 0 333000
d 208 160 208 208 2 default
d 208 208 208 256 2 default
w 64 112 112 112 0
w 288 112 368 112 0
w 288 112 288 144 0
w 208 304 288 304 0
w 288 304 288 272 0
r 208 112 208 160 0 250000
w 288 304 368 304 0
211 336 208 352 160 0 10 8000 1
r 112 208 112 112 0 2000
r 112 240 112 288 0 100
w 112 112 208 112 0
411 16 224 -32 224 0 1 40 5 0 0 0.5 0.05 0 1
w 304 208 288 208 0
o 21 16 0 20483 1.25 0.00009765625 0 2 21 3
