$ 1 0.0000026041666666666666 382.76258214399064 99 15 53 5e-11
t 192 112 256 112 0 1 -7.141586130842018 0.7228662749823513 800 default
t 192 240 256 240 0 -1 3.4408004937754666 -0.6947471004001637 800 default
r 192 112 192 32 0 1000
r 192 272 192 320 0 100
w 192 32 256 32 0
w 256 32 256 96 0
w 256 320 304 320 0
w 192 320 256 320 0
x 201 99 222 102 6 12 Rc1
d 192 112 192 176 2 1N4148
d 192 176 192 240 2 1N4148
w 256 128 256 176 0
w 256 224 256 176 0
v 320 32 256 32 0 0 40 12 0 0 0.5
w 256 176 304 176 0
g 304 320 416 320 0 0
w 256 256 256 320 0
w 320 32 384 32 0
g 384 32 416 32 0 0
r 336 176 336 240 0 8
t 128 256 192 256 0 1 -2.0911376882643644 0.6459973746959167 800 default
r 128 256 128 32 0 100000
r 128 256 128 320 0 15000
w 128 32 192 32 0
w 128 320 192 320 0
g 336 240 336 288 0 0
211 336 176 416 128 0 1 48000 1
v 48 256 48 320 0 1 250 0.1 0 0 0.5
w 48 320 128 320 0
209 48 256 128 256 0 0.00009999999999999999 -1.434366305504998 0.001 25
209 304 176 336 176 0 0.001 3.4068512302089307 0.001 35
o 26 32 0 xc1012 5 0.1 0 1 1 1.25 0
