$ 1 0.000005 26.59566520631553 60 15 53 5e-11
w -80 80 -80 128 0
R -160 288 -208 288 0 1 80 0.05 0 0 0.5
c -80 288 -160 288 0 0.000001 0.7893277553004479 0.001
r 16 304 16 432 0 3.3
r 16 128 16 272 0 400
w -80 432 16 432 0
t -80 288 16 288 0 1 -7.272781410987493 0.6835502371201038 300 default
r -80 288 -80 432 0 95000
r -80 128 -80 288 0 209000
w -80 128 16 128 0
g -80 432 -80 464 0 0
R -80 80 32 80 0 0 40 20 0 0 0.5
R 96 64 208 64 0 0 40 42 0 0 0.5
g 96 416 96 448 0 0
w 96 112 192 112 0
r 96 112 96 272 0 236000
r 96 272 96 416 0 20000
t 96 272 192 272 0 1 -41.23578021300648 0.3999027312319516 300 default
w 96 416 192 416 0
r 192 112 192 256 0 1900
r 192 288 192 416 0 190
c 96 272 16 272 0 0.000009999999999999999 -7.655717549891702 0.001
c 192 256 272 256 0 0.00009999999999999999 22.51752050198992 0.001
w 96 64 96 112 0
g 272 336 272 432 0 0
r 272 256 272 336 0 100000
