$ 1 0.000015625 382.76258214399064 60 15 53 5e-11
w -80 80 -80 128 0
c -80 288 -160 288 0 0.000001 0.7592733649469253 0.001
r 16 304 16 432 0 3.3
r 16 128 16 272 0 400
w -80 432 16 432 0
t -80 288 16 288 0 1 -8.813565328868776 0.6799834490049919 300 default
r -80 288 -80 432 0 95000
r -80 128 -80 288 0 209000
w -80 128 16 128 0
g -80 432 -80 464 0 0
R -80 80 32 80 0 0 40 20 0 0 0.5
R 96 64 208 64 0 0 40 42 0 0 0.5
g 96 416 96 448 0 0
w 96 112 192 112 0
r 96 112 96 272 0 236000
r 96 272 96 416 0 20000
t 96 272 192 272 0 1 -34.46983222213586 0.6254120247642067 300 default
w 96 416 192 416 0
r 192 112 192 256 0 1900
r 192 288 192 416 0 190
c 96 272 16 272 0 0.000009999999999999999 -8.350246477007067 0.001
c 192 256 272 256 0 0.00009999999999999999 21.193268135820222 0.001
w 96 64 96 112 0
. Push-Pull 0 2 2 4 \pR 2 1 0 -R 4 0 0 IN 1 1 2 OUT 3 1 3 TransistorElm\s1\s2\s3\rTransistorElm\s1\s4\s3 0\\s1\\s0\\s0\\s100\\sdefault\s0\\s-1\\s0\\s0\\s100\\sdefault
410 272 224 416 240 1 Push-Pull 0\s1\s-5.49354977311776\s0.14625474315911546\s100\sdefault 0\s-1\s34.50645022688224\s0.14625474315911546\s100\sdefault
v 304 160 320 160 0 0 40 20 0 0 0.5
v 320 160 336 160 0 0 40 20 0 0 0.5
w 304 160 304 192 0
w 336 160 336 192 0
c 368 256 416 256 0 0.001 0.0009999999983740793 0.001
211 416 256 496 256 0 10 8000 1
g 320 160 320 112 0 0
411 -160 288 -208 288 0 1 40 5 0 0 0.5 0.5 15 1
r 272 256 272 384 0 100000
g 272 384 272 432 0 0
o 29 16 0 20483 40 0.1 0 1
