$ 1 0.000005 10.20027730826997 50 5 43 5e-11
t 224 208 288 208 0 1 0.14253394635354577 0.616805824623478 100 default
r 224 208 224 112 0 82000
r 224 208 224 304 0 30000
r 288 192 288 112 0 1600
r 336 224 336 304 0 400
w 224 112 288 112 0
w 224 304 272 304 0
w 288 112 432 112 0
w 336 304 384 304 0
w 432 112 432 192 0
w 432 304 432 240 0
v 432 240 432 192 0 0 40 5 0 0 0.5
c 288 192 384 192 0 0.00021999999999999998 1.4810599426194275 0.001
c 224 208 176 208 0 0.00009999999999999999 0.6158589138177918 0.001
r 384 192 384 304 0 17500
w 432 304 384 304 0
r 144 208 144 304 0 16000
w 144 304 224 304 0
v 176 208 144 208 0 1 50 0.025 0 0 0.5
c 272 304 336 304 0 0.00021999999999999998 0.8982312095248044 0.001
w 272 224 336 224 0
w 272 304 272 224 0
w 272 224 288 224 0
o 14 16 0 20483 0.3125 0.00009765625 0 2 14 3
