$ 1 0.0000026041666666666666 382.76258214399064 62 5 43 5e-11
r 304 192 320 208 0 100000
w 256 192 304 192 0
w 352 256 320 240 0
w 352 192 320 208 0
w 160 240 256 256 0
w 160 208 256 192 0
w 352 256 368 256 0
r 288 256 304 256 0 1000000
c 256 256 288 256 0 0.000001 0.5098782023869415 0
w 352 192 368 192 0
w 304 256 320 240 0
w 160 240 160 224 0
w 160 208 160 224 0
w 352 224 368 256 0
w 368 192 352 224 0
v 160 224 112 224 0 1 90 5 0 0 0.5
g 112 224 112 256 0 0
t 320 208 320 240 0 1 -2.0623100160916246 0.6161626385157768 100 default
t 288 224 288 192 0 1 0 0.6329445150952324 100 default
g 256 160 240 160 0 0
r 272 192 256 160 0 1000
w 256 256 288 224 0
g 304 304 304 336 0 0
r 304 240 304 304 0 1000
w 336 240 256 256 0
211 352 224 400 288 0 1 48000 1
o 25 16 0 20483 10 0.1 0 1
