$ 0 0.000015625 0 1 5 43 5e-11
. DIP-8 1 3 4 8 IN1\p 2 2 2 IN1– 1 1 2 IN2\p 26 3 3 IN2– 25 2 3 OUT1 3 0 2 OUT2 27 1 3 VCC 5 0 3 VEE 4 3 2 OpAmpRealElm\s1\s2\s3\s4\s5\rOpAmpRealElm\s25\s26\s27\s4\s5 1\\s0.6\\s0\\s0.0231\\s0\s1\\s0.6\\s0\\s0.0231\\s0
410 144 32 208 160 1 DIP-8 1\s0.6\s0.12424094148817955\s0.0231\s0 1\s0.6\s0.29533975575463056\s0.0231\s0
c 144 96 112 96 0 0.0000022 0.0009999950291263437 0.001
v 112 96 48 96 0 1 40 5 0 0 0.5
g 48 96 48 112 0 0
174 304 64 272 112 1 1000 0.5 Resistance
g 304 128 304 144 0 0
410 144 224 208 320 1 DIP-8 1\s0.6\s0.25138375197191376\s0.0231\s0 1\s0.6\s0.24837851645559095\s0.0231\s0
w 304 64 272 64 0
w 144 32 144 48 0
w 144 48 144 64 0
r 128 288 48 288 0 680
w 128 288 144 288 0
c 128 288 128 320 0 2.2000000000000003e-9 0.8844797698057296 0.001
g 128 320 128 336 0 0
r 48 288 0 288 0 4700
c 48 240 144 240 0 1e-8 -1.2769192070256046 0.001
w 144 224 144 240 0
w 144 240 144 256 0
w 144 48 0 48 0
w 0 48 0 288 0
w 144 224 144 176 0
w 144 176 272 176 0
w 272 176 272 128 0
w 272 288 272 272 0
w 272 272 272 256 0
w 304 64 336 64 0
w 336 64 336 320 0
w 336 320 272 320 0
c 272 272 320 272 0 0.00047 0.0010000000000034426 0.001
211 320 272 400 272 0 1 8000 1
w 48 240 48 288 0
