$ 1 0.000005 10.20027730826997 50 5 50 5e-11
w 32 32 256 32 0
w 32 32 32 288 0
r 32 288 80 288 0 100000
a 80 304 192 304 8 15 -15 1000000 0.000006315185615013962 0 100000
w 80 288 80 240 0
r 80 240 192 240 0 100000
w 192 240 192 304 0
g 80 320 80 352 0 0
a 112 128 208 128 8 15 -15 1000000 0 0 100000
w 112 112 112 80 0
w 112 80 208 80 0
w 208 80 208 128 0
r 112 144 64 144 0 100000
r 112 144 112 192 0 14000
g 112 192 112 208 0 0
r 208 128 256 128 0 100000
d 256 32 256 64 2 default
d 256 64 256 96 2 default
d 256 96 256 128 2 default
d 256 192 256 224 2 default
d 256 160 256 192 2 default
d 256 128 256 160 2 default
w 192 304 256 304 0
w 256 304 256 224 0
w 256 128 304 128 0
d -336 16 -304 16 2 default
w -176 16 -176 48 0
w -208 16 -176 16 0
g -208 80 -208 96 0 0
g -272 80 -272 96 0 0
r -208 16 -208 80 0 100000
w -272 16 -208 16 0
c -272 16 -272 80 0 0.000001 0.6315375088021656 0.001
w -304 16 -272 16 0
w -304 -48 -304 16 0
w -416 -48 -304 -48 0
w -416 0 -416 -48 0
a -416 16 -336 16 8 15 -15 1000000 0.6315375088021656 0 100000
r -416 0 -480 0 0 10000
r -480 0 -560 0 0 4700
r -480 0 -480 64 0 1000
w -560 64 -480 64 0
g -560 64 -560 96 0 0
v -560 64 -560 0 0 0 40 4 0 0 0.5
a -416 160 -320 160 8 4 -4 1000000 0 0 100000
w -416 144 -416 112 0
w -416 112 -320 112 0
w -320 112 -320 144 0
a -112 32 -16 32 8 15 -15 1000000 0.6315311918726262 0.6315375088021656 100000
w -176 48 -112 48 0
w -112 16 -112 -32 0
w -112 -32 32 -32 0
r 32 32 -16 32 0 10
w 32 -32 32 32 0
a 304 112 400 112 8 15 -15 1000000 0.000005855891669380212 0.000005861806119966286 100000
w 304 96 304 64 0
r 304 64 400 64 0 10000
w 400 64 400 112 0
r 304 64 304 16 0 100
g 304 16 304 0 0 0
w -320 144 64 144 0
w -320 160 -320 144 0
w -416 112 -416 32 0
b 420 -100 -622 423 0
207 -416 176 -480 176 4 input
207 400 112 400 192 4 output
x -488 315 -96 318 4 24 Compresser,\s1v\sLimiter\s\a\sNormalizer
