$ 65 0.000015625 382.76258214399064 59 0.5 50 5e-11
. D-Mo-L 1 2 2 3 M\p- 13 0 2 O\p- 11 0 3 S\p- 7 1 2 OpAmpElm\s1\s2\s3\rCapacitorElm\s2\s0\rResistorElm\s2\s4\rResistorElm\s1\s5\rResistorElm\s1\s3\rCapacitorElm\s5\s0\rResistorElm\s5\s6\rCapacitorElm\s6\s0\rResistorElm\s6\s7\rCapacitorElm\s3\s8\rResistorElm\s8\s0\rOpAmpElm\s9\s10\s11\rResistorElm\s9\s11\rResistorElm\s9\s8\rResistorElm\s10\s0\rResistorElm\s7\s9\rCapacitorElm\s4\s0\rResistorElm\s4\s12\rCapacitorElm\s12\s0\rResistorElm\s12\s13\rCapacitorElm\s1\s0 8\\s15\\s-15\\s1000000\\s0.0009999809619826068\\s0.0010000000000000013\\s100000\s0\\s0.0000047\\s0.0010000000000000013\\s0.001\s0\\s1000\s0\\s1000\s0\\s4700\s0\\s1e-7\\s0.0008076786689032389\\s0.001\s0\\s1000\s0\\s1e-7\\s0.0006153763758238715\\s0.001\s0\\s1000\s0\\s0.0000022\\s0.0019037948354508577\\s0.001\s0\\s2200\s8\\s15\\s-15\\s1000000\\s9.037969899644819e-9\\s0\\s100000\s0\\s4700\s0\\s680\s0\\s4700\s0\\s2200\s0\\s0.0000047\\s0.001000000000000013\\s0.001\s0\\s1000\s0\\s0.0000047\\s0.00100000000000003\\s0.001\s0\\s1000\s0\\s1e-7\\s0.0009999809619826068\\s0.001
410 48 224 192 208 1 D-Mo-L 8\s15\s-15\s1000000\s3.2187008316693255\s3.2187738826852414\s100000 0\s0.0000047\s3.2187738826852414\s0.001 0\s1000 0\s1000 0\s4700 0\s1e-7\s2.3415972277343413\s0.001 0\s1000 0\s1e-7\s1.4523525384008504\s0.001 0\s1000 0\s0.0000022\s8.05550690257894\s0.001 0\s2200 8\s15\s-15\s1000000\s-0.000038182625529943044\s0\s100000 0\s4700 0\s680 0\s4700 0\s2200 0\s0.0000047\s2.8508044836750353\s0.001 0\s1000 0\s0.0000047\s2.1132758713460493\s0.001 0\s1000 0\s1e-7\s3.2187008316693255\s0.001
. D-Mo-M 1 2 2 3 M\p- 13 0 2 O\p- 11 0 3 S\p- 7 1 2 OpAmpElm\s1\s2\s3\rCapacitorElm\s2\s0\rResistorElm\s2\s4\rResistorElm\s1\s5\rResistorElm\s1\s3\rCapacitorElm\s5\s0\rResistorElm\s5\s6\rCapacitorElm\s6\s0\rResistorElm\s6\s7\rCapacitorElm\s3\s8\rResistorElm\s8\s0\rOpAmpElm\s9\s10\s11\rResistorElm\s9\s11\rResistorElm\s9\s8\rResistorElm\s10\s0\rResistorElm\s7\s9\rCapacitorElm\s4\s0\rResistorElm\s4\s12\rCapacitorElm\s12\s0\rResistorElm\s12\s13\rCapacitorElm\s1\s0 8\\s15\\s-15\\s1000000\\s0.0009999809619826055\\s0.001\\s100000\s0\\s0.000001\\s0.001\\s0.001\s0\\s1000\s0\\s1000\s0\\s4700\s0\\s1e-7\\s0.0008076786689032384\\s0.001\s0\\s1000\s0\\s1e-7\\s0.000615376375823871\\s0.001\s0\\s1000\s0\\s0.0000022\\s0.0019037948354508896\\s0.001\s0\\s2200\s8\\s15\\s-15\\s1000000\\s9.037969901121278e-9\\s0\\s100000\s0\\s4700\s0\\s680\s0\\s4700\s0\\s2200\s0\\s0.000001\\s0.0010000000000000022\\s0.001\s0\\s1000\s0\\s0.000001\\s0.001\\s0.001\s0\\s1000\s0\\s1e-7\\s0.0009999809619826055\\s0.001
410 48 288 144 304 1 D-Mo-M 8\s15\s-15\s1000000\s6.211125848927294\s14.96169052856245\s100000 0\s0.000001\s14.96169052856245\s0.001 0\s1000 0\s1000 0\s4700 0\s1e-7\s4.330940983325144\s0.001 0\s1000 0\s1e-7\s2.4443431250669225\s0.001 0\s1000 0\s0.0000022\s15.000898860426316\s0.001 0\s2200 8\s15\s-15\s1000000\s0.000013676766698116108\s0\s100000 0\s4700 0\s680 0\s4700 0\s2200 0\s0.000001\s14.969304876752672\s0.001 0\s1000 0\s0.000001\s14.983026250339313\s0.001 0\s1000 0\s1e-7\s6.211125848927294\s0.001
. D-Mo-S 1 2 2 3 M\p- 13 0 2 O\p- 11 0 3 S\p- 7 1 2 OpAmpElm\s1\s2\s3\rCapacitorElm\s2\s0\rResistorElm\s2\s4\rResistorElm\s1\s5\rResistorElm\s1\s3\rCapacitorElm\s5\s0\rResistorElm\s5\s6\rCapacitorElm\s6\s0\rResistorElm\s6\s7\rCapacitorElm\s3\s8\rResistorElm\s8\s0\rOpAmpElm\s9\s10\s11\rResistorElm\s9\s11\rResistorElm\s9\s8\rResistorElm\s10\s0\rResistorElm\s7\s9\rCapacitorElm\s4\s0\rResistorElm\s4\s12\rCapacitorElm\s12\s0\rResistorElm\s12\s13\rCapacitorElm\s1\s0 8\\s15\\s-15\\s1000000\\s0\\s0\\s100000\s0\\s2.2e-7\\s0\\s0.001\s0\\s1000\s0\\s1000\s0\\s4700\s0\\s1e-7\\s0\\s0.001\s0\\s1000\s0\\s1e-7\\s0\\s0.001\s0\\s1000\s0\\s0.0000022\\s0\\s0.001\s0\\s2200\s8\\s15\\s-15\\s1000000\\s0\\s0\\s100000\s0\\s4700\s0\\s680\s0\\s4700\s0\\s2200\s0\\s2.2e-7\\s0\\s0.001\s0\\s1000\s0\\s2.2e-7\\s0\\s0.001\s0\\s1000\s0\\s1e-7\\s0\\s0.001
410 48 352 112 352 1 D-Mo-S 8\s15\s-15\s1000000\s6.1043501876237665\s6.108872243813902\s100000 0\s2.2e-7\s6.108872243813902\s0.001 0\s1000 0\s1000 0\s4700 0\s1e-7\s4.268027189618606\s0.001 0\s1000 0\s1e-7\s2.4155528371872306\s0.001 0\s1000 0\s0.0000022\s14.892556381156794\s0.001 0\s2200 8\s15\s-15\s1000000\s0.00002110394706040903\s0\s100000 0\s4700 0\s680 0\s4700 0\s2200 0\s2.2e-7\s6.091272419812055\s0.001 0\s1000 0\s2.2e-7\s6.056072771808362\s0.001 0\s1000 0\s1e-7\s6.1043501876237665\s0.001
w -16 320 -16 256 0
w -16 256 48 256 0
w -16 320 48 320 0
w -16 320 -16 384 0
w -16 384 48 384 0
R -112 208 -176 208 0 3 2 10 0 1.0471975511965976 0.5
w 48 288 -192 240 0
w 48 224 -32 224 0
w -48 352 48 352 0
a 224 304 320 304 8 15 -15 1000000 3.4018675471397917e-7 0 100000
g 224 320 224 352 0 0
w 192 224 144 224 0
w 144 352 176 352 0
w 144 288 176 288 0
r 192 224 224 288 0 100
r 176 288 224 288 0 100
r 176 352 224 288 0 100
w 224 288 224 224 0
w 320 304 320 224 0
r 224 224 320 224 0 10
w -16 320 -64 320 0
411 -208 320 -256 320 0 1 40 5 0 0 0.5 5 0 3
211 352 304 432 304 0 10 8000 1
R -288 256 -320 304 0 3 1 10 0 0 0.5
R -112 368 -176 368 0 3 2 10 0 0.2617993877991494 0.5
c 320 304 352 304 0 0.0000022 -0.2801995184861811 0.001
r 352 304 352 352 0 1000
g 352 352 352 368 0 0
a -208 304 -144 304 8 15 -15 1000000 0.6403304678424774 0.6403368711471558 100000
w -208 288 -208 256 0
w -208 256 -144 256 0
w -144 256 -144 304 0
w -144 304 -64 320 0
a -112 192 -48 192 8 15 -15 1000000 1.0033232993028431 1.0033333325358362 100000
w -112 176 -112 144 0
w -112 144 -48 144 0
w -48 160 -48 192 0
w -48 192 -32 224 0
a -112 352 -48 352 8 15 -15 1000000 6.003273299802822 6.00333333253582 100000
w -112 336 -112 304 0
w -112 304 -48 304 0
w -48 304 -48 352 0
a -288 240 -192 240 8 15 -15 1000000 0 1.3856250005542914 100000
w -288 224 -288 192 0
w -288 192 -208 192 0
w -208 192 -208 240 0
w -48 144 -48 160 0
o 25 1 0 61450 0.8575126611169015 0.0001 0 1
