$ 65 0.000015625 337.78679316735355 50 1 43 5e-11
r 32 160 32 208 0 150
r 32 208 32 256 0 47
R 32 64 160 64 0 0 40 4 0 0 0.5
R 32 256 160 256 0 0 40 -4 0 0 0.5
r 32 160 32 112 0 1000
r 32 112 32 64 0 150
d 32 208 -80 240 2 default
d -80 80 32 112 2 default
w -144 96 -144 64 0
w -144 64 -80 80 0
r -144 96 32 160 0 33
w -144 144 -144 128 0
w -144 96 -144 128 0
w -80 240 -144 256 0
w -144 256 -144 144 0
w 32 112 144 112 0
w 32 160 112 160 0
w 32 208 144 208 0
w -80 144 -144 128 0
R -144 144 -240 144 0 1 40 3 0 0 0.5
a 176 160 272 160 8 4 -4 1000000 -0.7472980302032377 -1.9648514435701527 100000
r 144 112 176 96 0 560
r 112 160 176 144 0 5600
r 144 208 176 176 0 1000
w 176 144 176 96 0
r 176 96 272 96 0 680
w 272 96 272 160 0
w 272 160 272 208 0
r 176 176 176 208 0 1000
g 176 208 176 224 0 0
g -80 176 -80 224 0 0
211 272 208 224 256 0 10 8000 1
a -80 160 32 160 8 4 -4 1000000 1.0383511803320422 0 100000
o 17 16 0 61450 3.92974886519378 0.0001 0 2 17 3
o 16 128 0 61450 4.000299996 0.0001 1 2 16 3
o 15 64 0 61450 3.282480084301034 0.0001 2 2 15 3
o 27 8 0 61450 4.000141634116141 0.0001 3 2 27 3
