$ 1 0.000015625 382.76258214399064 65 5 50 5e-11
a 224 192 384 192 8 15 -15 1000000 -5.378472598392051 -5.378574995796379 100000
c 224 208 224 272 0 0.000001 -5.378574995796379 0.001
r 224 208 176 208 0 1000
r 208 176 144 176 0 1000
w 224 176 224 112 0
r 224 112 384 112 0 4700
w 384 112 384 192 0
c 144 176 144 272 0 1e-7 -4.344160293201061 0.001
r 144 176 96 176 0 1000
c 96 176 96 272 0 1e-7 -3.3098479880100706 0.001
r 96 176 48 176 0 1000
c 384 192 448 192 0 0.0000022 -10.23970329908233 0.001
r 448 192 448 224 0 2200
g 448 224 448 240 0 0
w 448 192 496 192 0
a 288 304 432 304 8 15 -15 1000000 -0.00004861139891718093 0 100000
w 432 240 432 304 0
r 320 240 432 240 0 4700
w 496 192 496 208 0
r 288 288 288 208 0 680
w 496 208 288 208 0
g 288 352 288 368 0 0
r 288 320 288 352 0 4700
w 48 352 48 176 0
r 48 352 288 288 0 2200
c 176 208 176 272 0 0.000001 -5.378574995796449 0.001
r 176 208 112 208 0 1000
c 112 208 112 272 0 0.000001 -5.3785749957965345 0.001
r 112 208 32 208 0 1000
w 320 240 320 288 0
w 208 176 224 176 0
c 208 176 208 272 0 1e-7 -5.378472598392051 0.001
g 224 272 224 288 0 0
g 144 272 144 288 0 0
g 96 272 96 288 0 0
g 208 272 208 288 0 0
g 176 272 176 288 0 0
g 112 272 112 288 0 0
w 320 288 288 288 0
207 432 304 528 304 4 O\p-
207 48 352 -64 352 4 S\p-
207 32 208 -32 208 4 M\p-
o 19 1 0 61450 0.0001 0.0001 0 2 19 3
o 24 1 0 61450 2.275487071420168 0.0001 1 2 24 3
