$ 65 0.0000049999999999999996 382.76258214399064 50 1 43 5e-11
a 176 192 288 192 8 3.8 -3.8 1000000 -0.07958377887464399 -0.07958457471243273 100000
a 400 240 304 240 8 3.8 -3.8 1000000 -0.000004456397494745411 0 100000
w 176 128 288 128 0
w 288 128 288 192 0
w 304 240 304 176 0
w 304 176 400 176 0
b 204 87 372 301 0
b 224 112 262 150 0
r 176 208 176 240 0 100000
g 176 240 176 272 0 0
w 176 176 176 128 0
r 64 256 64 208 0 16000
v 144 208 64 208 0 1 40 0.1 0 0 0.5
g 64 256 64 288 0 0
r 400 176 400 224 0 5600
g 400 304 400 352 0 0
r 400 256 400 304 0 100000
c 144 208 176 208 0 0.000001 0.0013131433712242346 0.001
r 176 128 176 64 0 1000
c 400 176 448 176 0 0.00021999999999999998 -0.018249316568645646 0.001
w 176 64 464 64 0
w 464 64 464 224 0
w 448 176 496 176 0
r 496 176 496 240 0 100
g 496 240 496 272 0 0
w 496 176 544 176 0
w 464 224 400 224 0
o 25 64 0 61450 0.47473640288855096 0.0001 0 2 25 3
