$ 1 0.000005 42.05934401203833 60 5 53 5e-11
r 208 176 208 288 0 47000
R 208 32 128 32 0 0 40 25 0 0 0.5
r 208 32 208 144 0 47000
c 208 144 320 144 0 0.000009999999999999999 1.7113713310192096 0.001
w 208 176 256 176 0
c 256 176 256 288 0 0.0000049999999999999996 23.302445690520692 0.001
w 208 288 256 288 0
f 144 160 208 160 0 1.5 0.02
R 208 288 128 288 0 0 40 -25 0 0 0.5
v 96 160 96 208 0 1 40 0.1 0 0 0.5
r 144 160 96 160 0 16000
g 96 208 96 240 0 0
f 320 144 384 144 32 1.5 8.4
r 384 160 384 288 0 4700
w 384 128 384 32 0
w 384 32 208 32 0
w 384 288 256 288 0
c 384 160 432 160 0 0.00001 -1.195250501180492 0.001
r 432 160 432 224 0 400
g 432 224 432 256 0 0
r 320 144 320 192 0 10000
g 320 192 320 240 0 0
207 432 160 432 112 4 Out
207 96 160 96 112 4 Input
o 22 16 0 28675 0.7129022778135554 0.0001 0 2 22 3
