$ 12 0.000005 337.78679316735355 16 15 53 5e-11
w 240 48 336 48 0
32 2n3055 0 4.66e-12 5 3.339e-11 1.5 0 5e-9 2 1 1 0.01 0 2
t 240 208 336 208 0 1 -17.109125312200444 0.6720373042491614 70 2n3055
w 240 352 352 352 0
R 240 48 144 48 0 0 40 20 0 0 0.5
R 160 208 112 208 0 1 150 5 0 0 0.5
O 448 192 496 192 0 0
r 384 192 384 320 0 8
w 336 224 352 224 0
d 240 208 240 352 2 1N4004
d 240 48 240 208 2 1N4148
d 352 224 352 352 2 1N4148
g 352 352 352 416 0 0
c 160 208 240 208 0 0.00009999999999999999 2.829692452718497 0.001
g 384 320 384 352 0 0
w 384 192 336 192 0
209 384 192 448 192 0 0.0022 0.0009803631986642358 0.001 35
d 336 48 336 192 2 1N4004
x 261 285 341 288 4 24 1n4148
x 149 128 229 131 4 24 1n4148
x 149 289 229 292 4 24 1n4007
x 249 139 329 142 4 24 1n4007
o 4 64 0 4098 10 0.00009765625 0 2 4 3
o 5 64 0 x103102 18.94773077342468 0.0001 1 1
o 6 64 0 12289 0.0001 2.368588892077889 2 2 6 3
