$ 65 0.000002834467120181406 382.76258214399064 50 1 43 5e-11
a 320 176 432 176 8 15 -15 1000000 -0.000005231521558534164 0 100000
g 320 192 320 240 0 0
d 320 96 320 160 2 default
d 320 48 320 96 2 default
w 432 176 432 96 0
w 432 96 320 96 0
w 288 160 320 160 0
r 288 160 288 48 0 1000
w 288 48 320 48 0
w 320 48 384 48 0
a 48 336 128 336 8 15 -15 1000000 -2.6676693428362928 -2.6676960195297212 100000
w 48 320 48 272 0
w 48 272 128 272 0
w 128 272 128 336 0
w 352 256 384 256 0
r 352 336 352 256 0 1000
w 352 336 384 336 0
w 496 288 384 288 0
w 496 352 496 288 0
r 352 336 288 336 0 1000
g 384 368 384 416 0 0
a 384 352 496 352 8 15 -15 1000000 -0.00003166758334444976 0 100000
d 384 288 384 256 2 default
d 384 336 384 288 2 default
w 128 336 288 336 0
R 48 352 -64 352 0 1 40 5 0 0 0.5
w 640 416 656 416 0
r 288 160 144 160 0 1000
w 384 48 464 48 0
a 464 32 608 32 8 15 -15 1000000 0.00016619516530703946 0.00016619682725869253 100000
w 384 256 544 256 0
a 544 240 656 240 8 15 -15 1000000 2.667407903572042 2.6674345776510773 100000
w 544 224 544 192 0
w 544 192 656 192 0
w 656 240 656 192 0
w 464 16 464 -16 0
w 464 -16 608 -16 0
w 608 -16 608 32 0
w 656 240 704 240 0
R 0 176 -112 176 0 1 40 5 0 4.71238898038469 0.5
w 0 96 144 96 0
w 0 144 0 96 0
a 0 160 144 160 8 15 -15 1000000 -4.228834388432732 -4.228876676776617 100000
w 144 96 144 160 0
a 640 112 816 112 8 15 -15 1000000 0.00008082987167079867 0 100000
g 640 128 640 160 0 0
r 704 240 640 96 0 330
r 608 32 640 96 0 330
w 816 112 880 112 0
w 640 96 640 32 0
r 640 32 816 32 0 1000
w 816 32 816 112 0
o 48 32 0 61450 15.008874686604365 0.0001 0 2 48 3
