$ 1 0.000005 10.20027730826997 50 5 43 5e-11
a 96 176 176 176 8 15 -15 1000000 4.367845511219243 -4.813553176249009 100000
w 96 160 96 112 0
w 96 112 208 112 0
w 208 112 208 176 0
w 208 176 240 176 0
c 240 176 240 240 0 0.00001 4.367845511219243 0.001
w 240 176 304 176 0
r 304 176 304 240 0 10000
g 240 240 240 256 0 0
g 304 240 304 256 0 0
w 304 176 336 176 0
v 96 192 48 192 0 1 40 5 0 0 0.5
g 48 192 48 208 0 0
w 336 176 368 176 0
d 176 176 208 176 2 default
o 13 64 0 61450 13.264841489315714 0.0001 0 2 13 3
