$ 1 0.000005 10.634267539816555 43 10 42 5e-11
t 256 192 320 192 0 1 -22.917700408903322 0.7952497715311928 70 default
t 256 288 320 288 0 -1 0.7952497715311928 0.7952497715311928 40 default
w 320 208 320 240 0
w 320 240 320 272 0
w 320 304 320 352 0
R 256 240 192 240 0 1 40 20 0 0 0.5
w 320 128 320 176 0
R 320 128 320 80 0 0 40 42 0 0 0.5
w 320 240 400 240 0
g 320 400 320 416 0 0
O 400 240 448 240 0 0
w 256 240 256 288 0
w 256 192 256 240 0
r 320 352 320 400 0 8
w 320 352 400 352 0
w 400 352 400 240 0
o 5 64 0 4098 24 0.003125 0 2 5 3
o 10 64 0 4098 24 0.000048828125 1 1
