$ 1 0.000005 382.76258214399064 50 5 43 5e-11
a 384 144 480 144 8 15 -15 1000000 0 1.0754464099586225 100000
w 384 96 480 96 0
w 480 144 480 96 0
r 384 96 384 160 0 5600
w 384 128 352 128 0
g 352 128 352 144 0 0
r 384 96 384 48 0 4700
r 384 160 384 208 0 4700
a 576 208 496 208 8 15 -15 1000000 0.00010611322744060515 0 100000
w 384 48 576 48 0
w 576 48 576 192 0
w 496 208 496 160 0
w 496 160 576 160 0
w 576 160 592 160 0
w 576 192 592 192 0
c 592 160 592 192 0 0.00009999999999999999 -10.611428857287954 0.001
w 384 208 496 208 0
w 592 160 624 160 0
g 576 224 576 256 0 0
o 17 1024 0 61450 12.589699020533265 0.0001 0 2 17 3
