$ 1 0.000005 10.20027730826997 50 5 50 5e-11
a -144 32 -48 32 9 15 -15 1000000 4.403848828527453e-11 0 100000
w -144 48 -144 80 0
r -48 32 0 32 0 1000
w 0 80 0 32 0
w -144 80 0 80 0
w 0 32 32 32 0
w 32 32 256 32 0
w 32 32 32 288 0
r 32 288 80 288 0 100000
a 80 304 192 304 8 15 -15 1000000 4.4037607480641835e-16 0 100000
w 80 288 80 240 0
r 80 240 192 240 0 100000
w 192 240 192 304 0
g 80 320 80 352 0 0
a 112 128 208 128 8 15 -15 1000000 0.0049310647736415724 0.0049311140842893085 100000
w 112 112 112 80 0
w 112 80 208 80 0
w 208 80 208 128 0
r 112 144 64 144 0 100000
r 112 144 112 192 0 14000
g 112 192 112 208 0 0
r 208 128 256 128 0 100000
d 256 32 256 64 2 default
d 256 64 256 96 2 default
d 256 96 256 128 2 default
d 256 192 256 224 2 default
d 256 160 256 192 2 default
d 256 128 256 160 2 default
w 192 304 256 304 0
w 256 304 256 224 0
w 256 128 304 128 0
a 304 144 400 144 9 15 -15 1000000 0.004038346130608893 0.004038674967365242 100000
w 304 160 304 192 0
r 304 192 400 192 0 100000
w 400 192 400 144 0
r 304 192 304 240 0 14000
g 304 240 304 256 0 0
v 64 144 -32 144 0 1 40 0.05 0 0 0.5
g -32 144 -32 176 0 0
w 400 144 448 144 0
o 39 64 0 61450 0.040947147027354636 0.0001 0 2 39 3
